0.9932229999999723
0.9883629999999525
0.9836109999999331
0.9692109999998743
0.9552159999998171
0.9474939999997856
0.9400239999997551
0.9262449999996988
0.921888999999681
0.9027009999996026
0.8853219999995317
0.8687169999994638
0.8584209999994218
0.8532279999994006
0.8482689999993803
0.8308899999993093
0.8189829999992607
0.7867809999991292
0.7858449999991254
0.7653519999990417
0.7594659999990176
0.7467759999989658
0.73800099999893
0.7318179999989047
0.7251489999988775
0.7145199999988341
0.7055109999987973
0.6976179999987651
0.6903459999987354
0.6826509999987039
0.6674409999986418
0.6575049999986012
0.643734999998545
0.6390009999985257
0.6239259999984641
0.6178059999984391
0.6105519999984095
0.6007779999983696
0.5888169999983207
0.5631309999982158
0.5379399999981129
0.5192469999980366
0.508086999997991
0.49302099999797255
0.4809069999979978
0.47934099999800106
0.47335599999801353
0.469287999998022
0.4674339999980259
0.45415899999805354
0.4443849999980739
0.4175559999981298
0.3946599999981775
0.3803139999982074
0.3698019999982293
0.3602169999982493
0.34982199999827096
0.34397199999828315
0.3352689999983013
0.32261499999832766
0.309492999998355
0.29527299999838463
0.284049999998408
0.27793899999842075
0.27726399999842216
0.27419499999842856
0.2698659999984376
0.247032999998476
0.24119199999847016
0.23278599999846175
0.2278359999984568
0.22510899999845407
0.2232369999984522
