-17.365578290926788
638.3493931777064
12.173269412938607
-22.74222761666781
-18.379522802214222
-25.991116213416067
-33.14745365684494
-40.01566837244742
253.9919279501868
862.8006096979246
10.547721047053246
437.1255940302946
4.143072332736288
-19.745243198893963
-84.02403860978148
19.1465903858286
-41.57304233534305
-60.6389268052887
-30.76438536746865
-27.230185608924057
-43.95312767869294
1084.559316978111
624.5292423324676
1062.895378403587
-14.059881562398886
271.43954269934875
-6.652420118411973
-5.706371112382964
-24.50534197603658
-10.95018547249554
-40.42216677541867
-51.05275285605807
-49.713184691961374
-28.584194935516255
-13.661822631810148
162.0449629423294
-40.19991027458406
617.3743842169426
0.007610659258288365
-29.227944847091553
-121.63412700713408
377.4997856511666
-37.61704362464972
1193.7093763073844
-67.69887567802908
-12.203549523843547
-42.766683451709056
-60.40479894220392
-109.67813098124009
644.5722037967108
-113.60235920361372
-471.7238598661986
-176.62059663917594
-107.55619074960784
-62.05936591925071
-117.19617655571183
222.17365250859277
792.3624332057398
-112.01950141962243
-9.607030285245656
231.61078311295597
-22.040529507242244
-138.54451795121705
-300.00497646334424
-103.39764844258315
-118.12100199332343
-125.2351504156725
-130.52377805442168
-156.1483974589444
-157.8208619851461
-155.73432559908946
253.44632909156488
143.0340167659295
